NAME : portgen-100-100
TYPE : TSP
DIMENSION : 100
EDGE_WEIGHT_TYPE : EXPLICIT
EDGE_WEIGHT_FORMAT : FULL_MATRIX
EDGE_WEIGHT_SECTION
0 173576 485218 435867 379448 459906 315077 301369 207671 509129 396762 212958 101636 633517 549843 331603 554250 482376 536872 562196 558358 394290 513554 431783 447069 64906 171290 372408 524364 483187 530481 485689 501446 418831 185807 271118 380511 264559 541330 467876 258960 462203 71678 548574 497631 158575 213769 246187 466579 178062 375221 325029 463328 583649 476784 547462 266969 442275 380366 545799 411642 246667 376098 259661 81720 374491 510771 265555 350841 226247 156941 549839 377326 442783 661036 271299 332408 412032 156148 268233 347989 479757 151445 228270 184631 452173 489666 444710 213805 251123 627716 367699 178363 543922 493011 349354 637659 116190 584037 471749
173576 0 375493 291136 240271 382561 197086 473113 160647 502259 274451 263086 240153 644908 404711 404094 565071 655516 399026 486505 405821 413081 391404 545663 607022 237597 159935 205808 397378 426031 428351 494474 392891 559969 236075 444229 533000 169527 711821 326698 193409 513231 191282 713375 363397 254825 140763 146168 640150 347773 327013 492008 338416 410292 640226 381241 125406 614465 221862 431676 477924 420202 345945 271833 252135 495240 460682 96153 303313 151999 186788 720290 532258 616337 635165 442751 492884 528671 310179 411218 520775 514456 130258 394717 346590 454770 469039 584135 42055 345041 454227 466415 111712 593053 501226 522218 617808 146341 578573 331117
485218 375493 0 522398 150718 700717 179083 758073 279895 304676 102918 637529 472654 1008657 144627 778157 930505 887185 614182 145381 181790 322434 47687 593801 767924 541776 535402 249272 67571 757911 55546 861111 668944 671580 362369 720593 682627 516338 912023 554520 229290 435929 443343 880827 597059 422586 506894 496546 889337 596089 676352 699736 57274 376192 810278 260601 442833 837843 444142 60910 448478 691234 703579 300467 528916 854670 185864 307253 655811 515261 560756 919457 859268 862386 354884 731527 676022 588323 641245 753378 794409 401695 334401 703602 666398 302941 823291 685698 345159 713174 436144 509314 484855 482180 867454 762506 353261 373716 936160 558884
435867 291136 522398 0 376600 208909 393330 700418 432973 748278 430084 372236 523023 556847 462376 474841 491574 901693 108860 664411 438079 681611 510598 836796 882933 488863 297227 273463 504594 273551 576489 435661 149276 846929 525531 681221 814541 186438 969863 36650 445123 791529 475377 983281 78376 545590 234975 196793 877336 612175 244290 759521 466838 292418 912195 355646 170683 867322 82297 557561 762446 663598 283469 549464 517044 615741 672479 262057 239489 226313 336196 978381 709064 857041 855257 670703 768246 819729 518791 583010 751501 785413 418027 611764 560761 710986 367738 871771 273153 466549 296820 757117 262441 868121 439497 773198 844774 437474 474588 41311
379448 240271 150718 376600 0 550128 74384 673017 199711 393212 53631 502658 394993 860182 170395 643599 782654 827538 473498 288293 181806 362251 154505 598475 734528 441972 397371 104470 158070 607195 206251 713839 520977 654484 309604 638355 650740 367819 866060 410159 163782 482160 355285 847726 453035 363713 362423 348890 822254 520900 526677 645118 102164 291386 774388 201627 293223 780678 296461 198511 475173 610435 554867 276833 439002 733272 300049 160223 506613 369775 426833 874068 756240 796159 481890 644241 630410 588024 533262 641540 715007 460535 240949 606907 564045 369580 673630 673230 204444 585019 351177 510628 344105 545865 720029 696479 474025 283022 786675 414659
459906 382561 700717 208909 550128 0 545885 651670 543139 882883 601026 300589 560841 349089 661150 344177 288032 858788 204573 835379 640367 795348 696886 891186 882813 491395 288766 455350 693879 64687 756167 240541 95766 874451 606417 643779 828883 213929 938473 197288 571641 891494 521122 968754 177288 605931 255230 237273 825834 612483 99556 752133 648635 500188 903876 562524 268629 834111 266200 743518 850948 634472 127251 653024 529631 494232 827957 403757 118108 241973 311246 946711 616881 810441 1008226 625462 772833 871673 477711 502017 701702 895846 508555 563318 517077 836961 164037 900764 387462 372130 498538 822747 293122 972491 242895 743439 993424 511335 266314 195743
315077 197086 179083 393330 74384 545885 0 603361 125841 356144 82092 458473 322678 836989 239036 599074 757894 754112 497090 293774 254461 306184 200255 528620 660235 375675 356963 143374 209738 598560 231304 687801 529625 581330 235278 567964 576562 347593 791807 428984 90215 424634 284786 773394 471602 289426 332190 326253 749654 448786 509326 571095 148735 356361 700028 274369 278873 706986 311044 236998 411790 539658 533560 206377 369599 678417 282915 142135 487387 341543 381689 799799 692311 723412 464888 575045 556050 517374 470726 581169 644229 408065 170432 540304 499294 323596 655341 600506 169877 534749 414636 440867 307685 493320 694349 623545 452632 212404 767189 433641
301369 473113 758073 700418 673017 651670 603361 0 481730 683949 681922 351659 285419 670543 842191 354462 606980 207186 787531 802968 854338 560975 793253 422313 276294 236468 403278 673716 806736 646823 795343 557468 722523 335378 400882 39453 269522 514280 288537 726659 530197 566641 318640 331012 746996 341391 465637 504134 177431 165223 552369 163986 746761 883062 279626 848482 545199 185427 661114 818696 505111 68951 532111 475444 234018 264043 732311 566734 534103 474122 365234 296551 148360 159363 840208 30506 208444 402663 181920 167243 51226 604965 432937 89682 139929 625602 603826 357970 514291 288963 924621 416625 441988 633779 563830 106292 811774 390970 656792 729702
207671 160647 279895 432973 199711 543139 125841 481730 0 342753 200616 387167 198166 793613 363511 522421 713224 628302 541695 356992 380254 253487 312152 424246 537501 262026 299657 240905 325116 586271 323246 642427 549036 464682 114376 445379 454852 330103 666523 469587 51333 358863 164085 650186 509536 164508 297607 306715 624318 324179 485531 445407 265031 465488 576536 395573 280669 581147 354496 340788 330463 416605 501623 116491 249820 581433 314463 175664 461361 309793 312743 674563 579386 597970 481009 454202 431399 410509 362688 475479 520953 356039 56637 423906 386620 294197 624482 485470 162051 448939 520513 338407 263713 436738 649451 497995 461793 93855 731540 474218
509129 502259 304676 748278 393212 882883 356144 683949 342753 0 344328 715518 437957 1131427 448832 840724 1051050 744924 853078 211145 486457 123566 349686 366364 585913 538024 638615 492983 369313 928265 286820 980543 879301 471128 324092 644722 507829 671582 741085 784296 311344 168001 440343 688642 826653 367254 640358 648300 762278 524819 828271 567219 350965 671425 628796 560890 615740 694829 666051 330346 212134 616189 843988 250246 505361 866201 126706 488932 804114 652532 645838 746915 818633 735834 157204 665874 528757 370290 639203 746855 703240 120771 387704 664130 646221 59178 966597 475408 495790 759573 732191 304112 606149 185522 987696 645708 130533 403097 1072307 788970
396762 274451 102918 430084 53631 601026 82092 681922 200616 344328 0 537330 398743 905814 164870 678248 827602 826190 527094 235463 187206 323600 118403 572768 722715 456685 434046 158044 127696 657147 157936 758193 573947 636419 301112 645859 637948 413590 859460 463748 155444 443396 363444 836245 506632 358801 404121 393675 823923 524648 573945 641009 66661 331252 763666 230376 340544 778176 349677 157227 441685 617172 600815 255947 448871 760245 247095 204438 553199 412391 460733 867272 773788 797392 428535 654043 622678 563852 552598 663222 721559 418432 249943 620949 580667 324670 720832 653673 242736 615613 391861 485282 382722 503282 764538 697260 421136 291430 833596 468255
212958 263086 637529 372236 502658 300589 458473 351659 387167 715518 537330 0 308418 420590 662868 141016 341305 558839 445469 739947 659338 604640 654490 627909 587618 215778 106940 451371 660273 302434 689376 273083 371899 592440 396286 343247 540745 193062 637890 392099 433904 675056 284609 669360 405442 371152 160352 194226 527229 324510 201954 456407 601500 612687 606101 617770 253982 533522 356506 694486 623618 334854 186940 465454 257503 251936 701594 347916 182645 161334 76808 646134 337378 510842 863262 325001 481387 607194 178128 212705 402115 692461 333558 262859 216638 660144 285105 618929 298551 96581 639942 573042 162746 756675 280412 443101 841633 312570 372621 394371
101636 240153 472654 523023 394993 560841 322678 285419 198166 437957 398743 308418 0 726806 561393 413875 648523 433900 627383 524506 576684 317058 508206 330408 367177 102192 272628 414020 522094 584823 510566 581245 599046 324258 121453 248138 293118 360905 479866 556698 245260 370073 48883 475018 589091 70821 311305 340984 427266 126124 476857 257418 462605 635959 401426 582615 352341 388453 460151 533291 316233 219002 477327 200137 67492 428362 461014 317529 452466 324188 258004 488184 395939 401233 593968 259134 253605 310832 201249 310116 323036 392621 155051 237649 210877 379155 589419 349477 273479 329480 685274 266609 274431 450798 588573 301802 568399 113875 681021 560806
633517 644908 1008657 556847 860182 349089 836989 670543 793613 1131427 905814 420590 726806 0 992709 326804 80424 852938 543402 1130165 976391 1023859 1013654 1033199 944528 628869 494008 777935 1014041 284724 1063724 151186 432809 979290 816173 683336 919285 492443 942869 546283 835102 1095359 705185 998095 522939 791385 505313 512154 809423 717040 335458 819886 962190 848989 950169 905235 567279 848093 604193 1058612 1042975 689535 305322 882793 670203 417191 1104623 701404 353965 495513 485954 949745 563865 804822 1274570 656136 855913 1012104 557142 505233 708613 1113002 744388 604323 579440 1077541 191382 1005034 667165 409867 847142 986964 533640 1176805 144175 776779 1254720 729164 83231 544598
549843 404711 144627 462376 170395 661150 239036 842191 363511 448832 164870 662868 561393 992709 0 802786 918265 990767 537589 268832 39684 462738 99368 727398 886485 612260 556126 217247 80286 723156 170326 852067 611503 797330 465972 806969 801493 508166 1024248 488926 320114 578583 523749 1000012 528929 523579 513270 492741 987778 687511 657503 805845 111501 252350 927731 134055 431525 942905 394966 130604 587278 778693 690068 417754 608256 899892 327234 314953 640487 518436 588713 1032040 926532 961366 483842 813687 787420 720151 703419 811020 883265 545703 409307 777200 734435 447108 802139 813495 365655 749171 308810 641025 500936 626705 857706 861310 486662 451349 914940 492740
331603 404094 778157 474841 643599 344177 599074 354462 522421 840724 678248 141016 413875 326804 802786 0 256194 551608 527203 877775 798097 725107 795496 707759 622615 312317 246821 589593 801274 318323 829657 203025 433640 652619 517164 361775 593188 315117 638745 486977 570679 783589 401353 685470 489941 482490 293483 322297 512204 390818 251152 495460 742510 737925 631867 752373 384818 538340 476082 835358 728153 365104 217291 590978 352035 150056 835719 488000 244133 291376 217521 646316 280925 502301 991964 336054 530034 686637 231252 187454 398107 806216 467248 280387 252714 783715 254717 678442 439351 85323 759501 665596 301861 863676 209445 459029 969006 441604 303170 488210
554250 565071 930505 491574 782654 288032 757894 606980 713224 1051050 827602 341305 648523 80424 918265 256194 0 796087 489323 1050763 903174 943785 936520 958380 878219 551567 413601 702486 937390 226033 985426 70819 377945 907926 736302 616991 849147 414872 885241 484382 754867 1016346 625875 936931 464997 712403 425888 434014 753875 643470 261050 751611 884771 783872 886063 834712 490391 787879 533498 981162 964479 621217 228593 802536 593101 363307 1024461 623343 277933 416354 405717 892413 510442 747322 1194164 590570 786106 937330 483671 440082 647584 1033420 663967 536324 508273 997249 124286 933895 588019 336626 785721 910115 453653 1097919 63898 712702 1174296 648911 57827 483144
482376 655516 887185 901693 827538 858788 754112 207186 628302 744924 826190 558839 433900 852938 990767 551608 796087 0 991933 902743 1008556 631144 927832 406643 181526 420308 605891 845838 943751 852707 915623 752707 929376 294288 526549 220670 240930 716686 90381 929349 670748 596111 477972 159511 951406 467583 666848 704900 46576 310694 759426 187725 886853 1063967 151735 1016321 741184 50509 857055 945565 538654 238799 738499 587935 403830 435793 821774 744039 741282 676167 569204 96900 290261 49334 891828 234471 218118 393362 386692 365860 157246 642284 588915 296335 345161 691808 804969 304211 694596 493191 1109670 443334 640344 643684 758641 133524 861707 547703 848887 932572
536872 399026 614182 108860 473498 204573 497090 787531 541695 853078 527094 445469 627383 543402 537589 527203 489323 991933 0 758407 508414 789456 597324 944422 983181 586391 386531 369051 589032 263421 666728 445047 111384 951638 634068 771370 917098 276889 1063507 72499 552721 900070 580401 1080971 40539 652796 328069 292004 964962 710745 278171 857632 557427 328629 1010920 417276 276289 959982 188578 643811 871299 755794 315810 658184 617038 674665 772515 369716 283071 317479 422747 1071991 781484 945977 954995 758548 868825 927116 605791 658113 838754 893297 526662 697994 647689 817357 366874 976763 381995 534379 312217 865362 359788 976319 447246 866149 945854 545226 460322 67988
562196 486505 145381 664411 288293 835379 293774 802968 356992 211145 235463 739947 524506 1130165 268832 877775 1050763 902743 758407 0 308510 282080 174690 558752 761375 609991 644061 391027 190676 890231 99655 980408 809262 653329 403860 763875 678133 641308 913351 697345 307371 372091 506940 870387 740084 462027 624890 620026 912310 637745 802979 716543 202651 515687 804685 397752 571316 852295 584723 138535 403321 734149 827282 327555 588364 936650 88827 433918 781146 634685 663774 920031 920396 885201 215048 779536 685119 558435 713501 826514 832455 328337 413427 762129 731980 236313 949110 662320 463150 805811 574473 483594 598209 396433 987055 788151 218609 446017 1060930 701778
558358 405821 181790 438079 181806 640367 254461 854338 380254 486457 187206 659338 576684 976391 39684 798097 903174 1008556 508414 308510 0 495840 137955 756740 909663 621815 552399 208654 119374 703217 209883 838093 586538 823371 486585 819958 825009 497179 1044882 462897 339833 612823 537024 1023172 501902 542830 506174 483162 1003897 702658 642124 825030 142609 214399 950416 97212 420915 961308 374594 170273 619299 792144 675856 442956 620397 900436 365865 312787 626174 510396 586602 1052783 933306 977733 523525 825370 808419 748769 709879 815529 896697 581137 422744 786520 742380 482833 785262 840285 365366 747944 269961 669812 496671 662877 843522 877939 526258 464808 897551 466533
394290 413081 322434 681611 362251 795348 306184 560975 253487 123566 323600 604640 317058 1023859 462738 725107 943785 631144 789456 282080 495840 0 370101 278447 481106 418283 535462 449548 389883 835968 325959 873851 802273 371389 208634 521674 399287 581574 634631 718227 236821 119989 323767 588851 759267 246248 545141 558179 645685 401270 732507 449501 353257 653132 524419 553529 534115 580713 600909 366229 126645 492991 744678 143577 384127 744479 195237 419741 707886 557905 538247 641007 695069 618929 280732 542516 413325 276840 518075 624511 581517 103848 288326 540693 523653 64679 865890 380290 414886 642597 713249 201538 509024 187944 881095 526433 253530 295685 968420 722902
513554 391404 47687 510598 154505 696886 200255 793253 312152 349686 118403 654490 508206 1013654 99368 795496 936520 927832 597324 174690 137955 370101 0 640823 812090 572235 550251 241599 19984 755934 75114 867966 658935 717222 401643 756325 726779 521668 954834 541076 263057 483502 476233 925219 583021 461442 516878 503122 928652 632909 679264 740780 53021 341002 854228 223247 446375 878811 435201 46985 496078 727200 708373 343258 561967 878619 227949 314728 659770 524280 578095 962359 889817 901809 389027 766089 718371 635056 669643 780802 830988 448866 364592 735614 696648 350057 826062 731757 357699 733827 399933 555972 497782 528813 874100 801735 390007 405197 939249 545283
431783 545663 593801 836796 598475 891186 528620 422313 424246 366364 572768 627909 330408 1033199 727398 707759 958380 406643 944422 558752 756740 278447 640823 0 230629 412228 603002 662805 660052 914548 602998 894999 926153 113134 315263 390051 169194 688074 384275 872241 440042 201467 371257 324557 907993 291953 639840 667001 434977 317325 806657 264076 615915 884284 271171 799587 668616 360227 765261 641974 156059 370188 805195 322248 370662 669334 470417 595810 782422 652926 586448 389103 570671 411498 498128 418222 217896 21127 476513 550699 418756 250113 421986 448370 459083 324405 912826 110837 567513 623501 941415 87847 602313 237581 902234 343557 467812 399322 996868 876623
447069 607022 767924 882933 734528 882813 660235 276294 537501 585913 722715 587618 367177 944528 886485 622615 878219 181526 983181 761375 909663 481106 812090 230629 0 397890 603259 773254 829736 890019 788434 824448 939079 117722 424966 261325 85313 707895 155342 914808 571162 427946 416016 113536 943555 373874 656434 691345 217210 273322 787186 131213 777308 997896 43325 933021 713540 141469 824986 822823 374527 258518 774552 469574 366200 540008 676066 682990 765577 667953 573729 161011 410976 198363 725751 288412 114759 220227 410737 439296 248257 475766 511178 342317 376750 537090 862161 123611 640560 548024 1049452 282154 623438 467998 831151 171210 695426 474615 925618 918633
64906 237597 541776 488863 441972 491395 375675 236468 262026 538024 456685 215778 102192 628869 612260 312317 551567 420308 586391 609991 621815 418283 572235 412228 397890 0 206085 437307 583855 507225 584926 485761 542021 383411 215892 206638 338077 310220 482515 519327 313118 471274 103218 494766 546474 172381 258763 294419 402945 124621 400392 271247 522953 647884 424551 612299 323076 381773 438219 602622 416122 182959 395072 294244 41793 330645 552671 330357 377076 270121 180228 491041 317652 379588 693118 206395 284621 391577 103925 216598 283319 494733 207715 164940 124622 479568 500598 409813 278290 227580 691193 358667 226924 551442 493064 288095 668174 168189 586805 522976
171290 159935 535402 297227 397371 288766 356963 403278 299657 638615 434046 106940 272628 494008 556126 246821 413601 605891 386531 644061 552399 535462 550251 603002 603259 206085 0 344517 555326 313091 588259 342826 335987 586883 332638 385221 543905 111017 677040 323606 342375 618991 235309 696797 346083 322281 63726 102254 580393 330080 205288 474819 497231 512891 628242 512127 154167 573451 265152 591241 573148 369265 210841 392414 242274 354306 612146 241226 180612 70944 40744 685517 421150 560537 780563 373692 490568 583306 221565 294220 454411 630054 250936 314538 263540 586052 330575 613072 192928 198595 544129 536990 55958 700962 349878 479647 760820 240100 433820 326757
372408 205808 249272 273463 104470 455350 143374 673716 240905 492983 158044 451371 414020 777935 217247 589593 702486 845838 369051 391027 208654 449548 241599 662805 773254 437307 344517 0 238759 514868 303879 635601 419693 705264 354969 642480 692408 290937 893782 306368 224384 567927 368132 884577 349165 399929 297561 275620 834862 535150 442486 671226 194658 225133 810659 175687 214288 801723 194936 288354 553389 616646 473959 343036 444234 695330 404222 109682 424556 302023 379789 902071 738066 809922 586295 643701 663398 650004 515778 616538 719629 551169 262343 598597 551437 464728 588376 726306 163836 541431 279616 575783 288627 636499 641360 712539 578065 300928 701537 310824
524364 397378 67571 504594 158070 693879 209738 806736 325116 369313 127696 660273 522094 1014041 80286 801274 937390 943751 589032 190676 119374 389883 19984 660052 829736 583855 555326 238759 0 753627 91184 869246 653403 735647 417280 770074 744436 522822 971782 534314 276843 503458 489032 942960 575930 476818 519992 504844 943951 647223 679104 756944 61048 325549 871757 207255 446999 894894 430616 56101 515763 741072 708962 360502 574711 887152 247004 317619 660078 526971 584161 979351 901205 917166 405567 779315 735157 654105 680267 790904 845077 468846 376529 747741 708043 370035 825666 750406 362433 741075 383936 574988 502175 548732 875286 817038 407353 417551 938888 538446
483187 426031 757911 273551 607195 64687 598560 646823 586271 928265 657147 302434 584823 284724 723156 318323 226033 852707 263421 890231 703217 835968 755934 914548 890019 507225 313091 514868 753627 0 813447 184644 152127 890127 641028 642833 841149 256751 935256 261572 618116 927602 548387 970591 239372 635090 290999 279980 817328 624182 107970 758815 706863 564836 908309 626529 319712 831469 328648 802332 884289 636427 115675 692683 547213 466666 878991 456737 132495 278120 328453 943323 597636 803745 1057783 622331 782896 894531 480198 489702 695575 934747 547737 560619 517332 880417 103842 916594 435573 360094 562505 850040 327831 1009197 185938 743180 1041903 546294 201789 259875
530481 428351 55546 576489 206251 756167 231304 795343 323246 286820 157936 689376 510566 1063724 170326 829657 985426 915623 666728 99655 209883 325959 75114 602998 788434 584926 588259 303879 91184 813447 0 915902 723536 687462 395806 757245 703461 571525 935758 608181 271954 432460 484543 900374 650569 456129 561248 551573 920191 631682 731736 727901 109684 416057 831287 298102 498243 865765 498815 43541 452460 727661 758751 327886 569485 902336 161144 362373 711099 569823 612568 942955 901507 893112 314394 769639 701494 599411 685915 798607 829717 393933 379052 744684 709336 295829 878659 699791 399175 763079 474823 521278 538444 470194 922282 793809 316386 416841 991480 612501
485689 494474 861111 435661 713839 240541 687801 557468 642427 980543 758193 273083 581245 151186 852067 203025 70819 752707 445047 980408 838093 873851 867966 894999 824448 485761 342826 635601 869246 184644 915902 0 334871 848529 666726 564257 791240 346425 840647 432063 684060 947888 557192 888464 417056 644123 355649 364961 712091 582141 197359 696072 815998 726598 834639 772207 422469 740986 471699 912327 896701 566185 162240 732301 527473 328573 953673 554163 211923 346356 335619 848098 473190 703521 1123385 538898 728734 874024 423141 390351 600607 964197 593313 482199 450501 926931 82895 874702 517935 277745 731970 844396 382975 1029602 7330 661989 1103579 578705 102310 431306
501446 392891 668944 149276 520977 95766 529625 722523 549036 879301 573947 371899 599046 432809 611503 433640 377945 929376 111384 809262 586538 802273 658935 926153 939079 542021 335987 419693 653403 152127 723536 334871 0 920241 626989 710908 879416 238284 1005820 124569 569824 905864 555318 1030609 91957 635502 287917 259160 898882 666036 182797 810019 614099 426094 963204 501595 268601 901446 224817 705919 870504 698723 216965 663664 577215 583299 811942 390742 194060 275248 366185 1014191 699953 881886 994376 694927 826555 907536 543661 580875 773341 905075 523024 633066 584593 837819 255773 946154 387415 452696 417100 852395 324629 985144 336790 808969 982166 533335 349619 121432
418831 559969 671580 846929 654484 874451 581330 335378 464682 471128 636419 592440 324258 979290 797330 652619 907926 294288 951638 653329 823371 371389 717222 113134 117722 383411 586883 705264 735647 890127 687462 848529 920241 0 350357 308537 66223 683164 272334 880849 491118 310824 371553 218032 913320 309369 632577 664086 324517 268251 783691 171433 686475 930138 159131 855682 676285 248983 781740 723936 259052 294529 776799 380472 344861 594193 566534 624813 760474 645078 563568 277533 481718 302097 608599 337439 127677 102689 425434 481289 322802 358929 448689 378467 399905 424402 875855 26497 588462 571487 984606 169953 596711 350707 855575 244384 578264 417560 950819 884982
185807 236075 362369 525531 309604 606417 235278 400882 114376 324092 301112 396286 121453 816173 465972 517164 736302 526549 634068 403860 486585 208634 401643 315263 424966 215892 332638 354969 417280 641028 395806 666726 626989 350357 0 362288 341514 393974 558449 561583 146808 286765 116252 538122 599148 60367 351481 371190 527128 236248 534913 340276 360410 579781 464809 508495 361364 477928 451511 421979 244657 332590 543418 78927 187604 546368 339614 280679 510075 364682 331656 566303 517092 500237 477836 376396 321839 300134 319059 430035 433963 298040 107663 358823 331849 266607 662710 371366 253505 435522 634465 232307 313853 368601 674003 400239 453509 95086 762669 566080
271118 444229 720593 681221 638355 643779 567964 39453 445379 644722 645859 343247 248138 683336 806969 361775 616991 220670 771370 763875 819958 521674 756325 390051 261325 206638 385221 642480 770074 642833 757245 564257 710908 308537 362288 0 243737 496026 295075 708695 493314 529048 283237 328405 730853 302587 446296 484445 197738 126233 545150 139219 710335 854520 270581 816582 522337 190638 638362 781114 467547 29740 527380 436408 199843 285894 692938 536583 525724 455523 348726 303402 182640 176057 801088 28903 180862 369992 167247 178232 77197 566783 397705 83069 126754 586316 605887 332262 484869 290114 897452 380213 420458 597260 570854 100382 772725 355635 664941 711908
380511 533000 682627 814541 650740 828883 576562 269522 454852 507829 637948 540745 293118 919285 801493 593188 849147 240930 917098 678133 825009 399287 726779 169194 85313 338077 543905 692408 744436 841149 703461 791240 879416 66223 341514 243737 0 644539 235426 847440 487129 355365 341853 198628 878039 292479 593336 626649 266418 216990 735890 105547 692141 917419 127839 849986 644131 192738 753225 737635 298758 231410 726726 384351 302273 529628 593606 605052 713262 605408 517715 241957 415538 242486 651914 272616 63623 153864 369279 418440 256713 401939 431217 316182 340994 457043 821906 88602 564691 513564 969922 204050 558737 403918 798200 178594 621701 396208 893382 851419
264559 169527 516338 186438 367819 213929 347593 514280 330103 671582 413590 193062 360905 492443 508166 315117 414872 716686 276889 641308 497179 581574 521668 688074 707895 310220 111017 290937 522822 256751 571525 346425 238284 683164 393974 496026 644539 0 786900 212672 361423 677956 317060 804314 236674 398195 51465 23408 691410 434812 161775 581249 469910 423110 734670 441467 76654 683628 163630 566313 638617 479484 187242 439101 342629 443882 624415 209169 139924 40640 149770 795395 525925 671496 801869 484709 594032 669352 332498 399171 565422 681918 294662 425431 374491 624279 307897 708908 180238 289558 447575 615433 86533 758769 352488 589657 785507 299113 420235 215888
541330 711821 912023 969863 866060 938473 791807 288537 666523 741085 859460 637890 479866 942869 1024248 638745 885241 90381 1063507 913351 1044882 634631 954834 384275 155342 482515 677040 893782 971782 935256 935758 840647 1005820 272334 558449 295075 235426 786900 0 998948 705067 583071 526758 81391 1023096 502387 736203 773580 136001 364115 839545 222571 917159 1115571 113219 1060218 805583 104440 920640 968515 529856 307923 820336 611679 460314 525838 829029 796166 820509 746260 642049 8526 380608 138073 880881 313250 236888 375022 462233 451928 241191 631008 632663 375314 421771 691672 890979 274449 749120 577237 1163813 437102 707455 620478 846691 197426 850549 592958 937593 1002368
467876 326698 554520 36650 410159 197288 428984 726659 469587 784296 463748 392099 556698 546283 488926 486977 484382 929349 72499 697345 462897 718227 541076 872241 914808 519327 323606 306368 534314 261572 608181 432063 124569 880849 561583 708695 847440 212672 998948 0 481697 828171 509369 1014072 42919 580769 262809 225437 903917 643200 247304 790419 498503 304263 943412 377064 204747 895956 118280 587953 798953 691912 286548 586076 548648 630811 707209 298618 246172 253187 361515 1007455 729477 884141 889956 697215 800236 855034 544760 604265 777844 822034 454165 637548 586764 747354 360096 905831 309555 484626 301399 792953 292417 904768 435364 801904 879842 472968 463346 4686
258960 193409 229290 445123 163782 571641 90215 530197 51333 311344 155444 433904 245260 835102 320114 570679 754867 670748 552721 307371 339833 236821 263057 440042 571162 313118 342375 224384 276843 618116 271954 684060 569824 491118 146808 493314 487129 361423 705067 481697 0 350349 214065 684498 523017 203483 333811 338324 668726 370493 520381 485800 217651 444245 611362 364570 304495 622793 364148 290198 330400 464254 538989 118717 299691 632464 269788 183082 496722 345318 358474 712957 630250 642133 441826 503118 468601 428222 414010 526813 568236 340665 107672 474316 437656 267996 662105 510322 184457 498542 501535 352528 302167 424276 690982 541978 424441 144943 770836 486377
462203 513231 435929 791529 482160 891494 424634 566641 358863 168001 443396 675056 370073 1095359 578583 783589 1016346 596111 900070 372091 612823 119989 483502 201467 427946 471274 618991 567927 503458 927602 432460 947888 905864 310824 286765 529048 355365 677956 583071 828171 350349 0 390730 525901 868356 303975 637373 654811 618601 422233 821668 429664 470602 773119 469921 673023 637375 547193 712093 474593 61532 502977 829831 242683 432124 781219 283549 531242 796833 650496 615475 588350 710318 593177 297814 553808 386924 208240 562093 659218 576932 48700 383820 565337 558870 137278 948221 312033 520593 698773 833217 154843 600009 82019 955209 510798 267484 381308 1045803 832817
71678 191282 443343 475377 355285 521122 284786 318640 164085 440343 363444 284609 48883 705185 523749 401353 625875 477972 580401 506940 537024 323767 476233 371257 416016 103218 235309 368132 489032 548387 484543 557192 555318 371553 116252 283237 341853 317060 526758 509369 214065 390730 0 523527 542441 87883 268586 296399 468963 167603 440591 304703 428683 588817 450025 538603 304739 433591 411578 504247 340937 255157 443992 192906 85736 433081 449722 269651 415919 281684 226105 535124 417008 443415 593791 290600 302287 352354 207091 319800 359739 408109 114470 260342 225668 382751 559476 396463 224787 319317 637476 301930 231077 472532 564510 344974 569684 72401 655194 513528
548574 713375 880827 983281 847726 968754 773394 331012 650186 688642 836245 669360 475018 998095 1000012 685470 936931 159511 1080971 870387 1023172 588851 925219 324557 113536 494766 696797 884577 942960 970591 900374 888464 1030609 218032 538122 328405 198628 804314 81391 1014072 684498 525901 523527 0 1040919 486112 752973 789118 205870 371137 871100 223771 890764 1108777 73920 1045759 815485 150447 928641 935292 476521 334510 854976 582977 466892 583330 784086 792239 850719 763891 664492 81163 441927 200267 822542 351192 221676 318514 491319 498143 289573 574460 622252 411366 453272 642435 933635 213873 748281 617881 1159537 387779 721688 556229 894804 228193 792245 584752 987494 1017735
497631 363397 597059 78376 453035 177288 471602 746996 509536 826653 506632 405442 589091 522939 528929 489941 464997 951406 40539 740084 501902 759267 583021 907993 943555 546474 346083 349165 575930 239372 650569 417056 91957 913320 599148 730853 878039 236674 1023096 42919 523017 868356 542441 1040919 0 616128 287949 252222 924427 670915 242819 817682 540912 334555 971024 414084 239380 919530 160638 629842 838079 715347 281189 625952 577511 636631 750108 340044 246018 277221 382214 1031578 741823 905438 932860 718009 829297 890459 565252 618134 798219 863015 492095 657465 607151 789234 341265 938562 348577 494985 325343 829754 320119 945419 419727 825722 922690 509194 439713 38379
158575 254825 422586 545590 363713 605931 289426 341391 164508 367254 358801 371152 70821 791385 523579 482490 712403 467583 652796 462027 542830 246248 461442 291953 373874 172381 322281 399929 476818 635090 456129 644123 635502 309369 60367 302587 292479 398195 502387 580769 203483 303975 87883 486112 616128 0 351578 376526 467210 176388 527487 282334 419357 624955 412345 559839 376755 419384 476081 482294 253160 272857 531666 134656 138113 498958 394710 315469 502742 364814 313988 510374 461090 440380 523478 317518 266894 274344 272015 380117 373737 323837 139609 303238 280115 308392 647356 332334 280158 398673 677789 217289 313673 385524 651449 340293 497737 109209 742610 585112
213769 140763 506894 234975 362423 255230 332190 465637 297607 640358 404121 160352 311305 505313 513270 293483 425888 666848 328069 624890 506174 545141 516878 639840 656434 258763 63726 297561 519992 290999 561248 355649 287917 632577 351481 446296 593336 51465 736203 262809 333811 637373 268586 752973 287949 351578 0 38650 642401 383349 188014 529832 464206 452846 683239 459087 93685 633148 201692 559941 595838 429121 205218 401746 291293 411948 601398 202373 163759 13267 104277 744706 484363 622070 775632 435824 542600 620861 284359 357381 516659 643764 256826 377341 326233 590895 328331 658409 162389 256007 482161 568802 37954 718744 362237 539100 757861 256417 437903 266183
246187 146168 496546 196793 348890 237273 326253 504134 306715 648300 393675 194226 340984 512154 492741 322297 434014 704900 292004 620026 483162 558179 503122 667001 691345 294419 102254 275620 504844 279980 551573 364961 259160 664086 371190 484445 626649 23408 773580 225437 338324 654811 296399 789118 252222 376526 38650 0 680786 418742 183703 565666 451052 418655 718921 430930 62987 670760 164041 547368 615790 466888 207512 415751 325408 446136 601980 189332 161229 33148 142615 782090 522160 660316 779053 474271 577152 648433 322965 395179 555122 658579 271387 415938 364818 600898 329112 689702 157971 290650 446063 593643 67977 735558 371182 576663 762533 276453 441012 228942
466579 640150 889337 877336 822254 825834 749654 177431 624318 762278 823923 527229 427266 809423 987778 512204 753875 46576 964962 912310 1003897 645685 928652 434977 217210 402945 580393 834862 943951 817328 920191 712091 898882 324517 527128 197738 266418 691410 136001 903917 668726 618601 468963 205870 924427 467210 642401 680786 0 301641 726300 196470 886000 1050091 192253 1007231 719954 76088 835985 948522 559721 220004 703938 592435 390738 392269 833363 730897 708940 651139 542598 141984 245854 27137 911880 206705 233624 420261 359292 328345 126208 663666 581939 267019 317327 707694 766403 337053 680171 457249 1094115 464318 617649 670265 717890 126918 881964 540167 807255 906993
178062 347773 596089 612175 520900 612483 448786 165223 324179 524819 524648 324510 126124 717040 687511 390818 643470 310694 710745 637745 702658 401270 632909 317325 273322 124621 330080 535150 647223 624182 631682 582141 666036 268251 236248 126233 216990 434812 364115 643200 370493 422233 167603 371137 670915 176388 383349 418742 301641 0 518949 147367 588107 753906 300235 706204 444555 267436 558410 656383 361762 96493 509919 310225 96469 361070 567642 433920 496432 394741 301746 372597 293872 275906 681887 142814 160690 296201 159919 239383 198324 455662 280326 143131 142681 465889 607612 294703 385572 307214 800744 284145 351024 496170 589271 177443 654204 238525 684425 646916
375221 327013 676352 244290 526677 99556 509326 552369 485531 828271 573945 201954 476857 335458 657503 251152 261050 759426 278171 802979 642124 732507 679264 806657 787186 400392 205288 442486 679104 107970 731736 197359 182797 783691 534913 545150 735890 161775 839545 247304 520381 821668 440591 871100 242819 527487 188014 183703 726300 518949 0 656170 628305 531568 807095 574878 233537 735248 274409 724664 777432 536611 39308 588961 439995 400569 785574 369956 24846 175740 220910 847755 518879 711010 961926 526388 678546 786677 379784 402721 602289 830117 444266 464265 418590 778891 146960 810126 341674 273041 540763 742133 223488 903435 202306 645054 944813 440569 260029 247560
325029 492008 699736 759521 645118 752133 571095 163986 445407 567219 641009 456407 257418 819886 805845 495460 751611 187725 857632 716543 825030 449501 740780 264076 131213 271247 474819 671226 756944 758815 727901 696072 810019 171433 340276 139219 105547 581249 222571 790419 485800 429664 304703 223771 817682 282334 529832 565666 196470 147367 656170 0 700638 893332 153476 837967 591820 138107 705327 757940 369231 130432 643340 400226 243310 424864 636996 574339 634706 540959 444054 230846 310559 169557 718654 167941 46199 245698 279666 316154 154699 472806 410188 215578 246563 511933 731778 194071 528264 418767 942152 274937 498102 488496 702878 81425 688999 370387 797713 794107
463328 338416 57274 466838 102164 648635 148735 746761 265031 350965 66661 601500 462605 962190 111501 742510 884771 886853 557427 202651 142609 353257 53021 615915 777308 522953 497231 194658 61048 706863 109684 815998 614099 686475 360410 710335 692141 469910 917159 498503 217651 470602 428683 890764 540912 419357 464206 451052 886000 588107 628305 700638 0 322937 818904 209993 395036 838336 389502 96422 476801 681453 656869 307848 514291 826558 237764 262263 608479 471755 525136 924838 840228 859315 410900 719152 680294 608657 619219 729883 785639 440039 315792 686984 647076 342365 775213 702345 304713 681166 383367 529527 444819 522779 822182 759148 408154 356986 888334 502827
583649 410292 376192 292418 291386 500188 356361 883062 465488 671425 331252 612687 635959 848989 252350 737925 783872 1063967 328629 515687 214399 653132 341002 884284 997896 647884 512891 225133 325549 564836 416057 726598 426094 930138 579781 854520 917419 423110 1115571 304263 444245 773119 588817 1108777 334555 624955 452846 418655 1050091 753906 531568 893332 322937 0 1034864 118632 359309 1021321 263068 380444 766244 830299 569836 562370 660235 864604 560656 319993 522483 451374 552913 1123930 930128 1025961 729725 852629 887293 872338 714161 804312 931029 749601 486720 802540 752991 655675 660146 950920 369922 708793 60790 796711 459965 834528 730738 930446 729335 524166 766450 306530
476784 640226 810278 912195 774388 903876 700028 279626 576536 628796 763666 606101 401426 950169 927731 631867 886063 151735 1010920 804685 950416 524419 854228 271171 43325 424551 628242 810659 871757 908309 831287 834639 963204 159131 464809 270581 127839 734670 113219 943412 611362 469921 450025 73920 971024 412345 683239 718921 192253 300235 807095 153476 818904 1034864 0 972092 743746 120033 856366 865447 417180 272446 792643 511381 395256 540224 719390 718484 786109 694409 597085 118447 405210 177383 767717 295818 147900 261816 428112 445985 244903 517932 548332 353347 391828 580257 875927 161906 674810 560411 1085690 325242 651251 507822 841185 173451 737383 510867 934962 947139
547462 381241 260601 355646 201627 562524 274369 848482 395573 560890 230376 617770 582615 905235 134055 752373 834712 1016321 417276 397752 97212 553529 223247 799587 933021 612299 512127 175687 207255 626529 298102 772207 501595 855682 508495 816582 849986 441467 1060218 377064 364570 673023 538603 1045759 414084 559839 459087 430930 1007231 706204 574878 837967 209993 118632 972092 0 367994 971046 301257 261877 671942 790241 610686 478391 617435 865850 446237 285104 561300 461058 549461 1068378 913355 981896 612271 818602 826478 789450 691369 791080 893778 645941 428011 774187 727123 549723 713925 874690 339198 710619 176721 711768 456373 729904 777180 883551 612759 468740 824667 380360
266969 125406 442833 170683 293223 268629 278873 545199 280669 615740 340544 253982 352341 567279 431525 384818 490391 741184 276289 571316 420915 534115 446375 668616 713540 323076 154167 214288 446999 319712 498243 422469 268601 676285 361364 522337 644131 76654 805583 204747 304495 637375 304739 815485 239380 376755 93685 62987 719954 444555 233537 591820 395036 359309 743746 367994 0 704374 116031 491447 603172 502389 262023 395067 348600 505630 559745 137398 213446 93620 194668 814109 574621 698251 739626 514882 598784 651094 366918 447880 595561 636641 255550 459016 407998 571723 380493 701182 120155 349674 390034 590791 104456 716544 428423 610385 724829 270072 493474 208967
